Number of symmetry operations: 28
Op #: 1
 -0.500000  -0.866025   0.000000
 -0.866025   0.500000   0.000000
  0.000000   0.000000  -1.000000
shift:   0.0000   0.0000   6.8790
Op #: 2
 -0.500000  -0.866025   0.000000
 -0.866025   0.500000   0.000000
  0.000000   0.000000  -1.000000
shift:  -0.0000   2.9070   2.2930
Op #: 3
 -0.500000  -0.866025   0.000000
  0.866025  -0.500000   0.000000
  0.000000   0.000000   1.000000
shift:   0.0000   0.0000  -0.0000
Op #: 4
 -0.500000  -0.866025   0.000000
  0.866025  -0.500000   0.000000
  0.000000   0.000000   1.000000
shift:   2.5176   1.4535   4.5860
Op #: 5
 -1.000000   0.000000   0.000000
  0.000000  -1.000000   0.000000
  0.000000   0.000000  -1.000000
shift:   0.0000   0.0000   0.0000
Op #: 6
 -1.000000   0.000000   0.000000
  0.000000  -1.000000   0.000000
  0.000000   0.000000  -1.000000
shift:  -0.0000   2.9070   9.1721
Op #: 7
 -1.000000   0.000000   0.000000
  0.000000  -1.000000   0.000000
  0.000000   0.000000  -1.000000
shift:   2.5176   1.4535   4.5860
Op #: 8
 -1.000000   0.000000   0.000000
  0.000000   1.000000   0.000000
  0.000000   0.000000   1.000000
shift:   0.0000   0.0000   6.8790
Op #: 9
 -1.000000   0.000000   0.000000
  0.000000   1.000000   0.000000
  0.000000   0.000000   1.000000
shift:   2.5176   1.4535  11.4651
Op #:10
  0.500000  -0.866025   0.000000
 -0.866025  -0.500000   0.000000
  0.000000   0.000000   1.000000
shift:   0.0000   0.0000   6.8790
Op #:11
  0.500000  -0.866025   0.000000
 -0.866025  -0.500000   0.000000
  0.000000   0.000000   1.000000
shift:  -0.0000   2.9070   2.2930
Op #:12
  0.500000  -0.866025   0.000000
 -0.866025  -0.500000   0.000000
  0.000000   0.000000   1.000000
shift:   2.5176   1.4535  11.4651
Op #:13
  0.500000  -0.866025   0.000000
  0.866025   0.500000   0.000000
  0.000000   0.000000  -1.000000
shift:   0.0000   0.0000   0.0000
Op #:14
  0.500000  -0.866025   0.000000
  0.866025   0.500000   0.000000
  0.000000   0.000000  -1.000000
shift:  -0.0000   2.9070   9.1721
Op #:15
 -0.500000   0.866025   0.000000
 -0.866025  -0.500000   0.000000
  0.000000   0.000000   1.000000
shift:   0.0000   0.0000  -0.0000
Op #:16
 -0.500000   0.866025   0.000000
 -0.866025  -0.500000   0.000000
  0.000000   0.000000   1.000000
shift:  -0.0000   2.9070   9.1721
Op #:17
 -0.500000   0.866025   0.000000
  0.866025   0.500000   0.000000
  0.000000   0.000000  -1.000000
shift:   0.0000   0.0000   6.8790
Op #:18
 -0.500000   0.866025   0.000000
  0.866025   0.500000   0.000000
  0.000000   0.000000  -1.000000
shift:  -0.0000   2.9070   2.2930
Op #:19
 -0.500000   0.866025   0.000000
  0.866025   0.500000   0.000000
  0.000000   0.000000  -1.000000
shift:   2.5176   1.4535  11.4651
Op #:20
  1.000000   0.000000   0.000000
 -0.000000  -1.000000   0.000000
  0.000000   0.000000  -1.000000
shift:   0.0000   0.0000   6.8790
Op #:21
  1.000000   0.000000   0.000000
 -0.000000  -1.000000   0.000000
  0.000000   0.000000  -1.000000
shift:   2.5176   1.4535  11.4651
Op #:22
  1.000000   0.000000   0.000000
 -0.000000   1.000000   0.000000
  0.000000   0.000000   1.000000
shift:   0.0000   0.0000  -0.0000
Op #:23
  1.000000   0.000000   0.000000
 -0.000000   1.000000   0.000000
  0.000000   0.000000   1.000000
shift:  -0.0000   2.9070   9.1721
Op #:24
  1.000000   0.000000   0.000000
 -0.000000   1.000000   0.000000
  0.000000   0.000000   1.000000
shift:   2.5176   1.4535   4.5860
Op #:25
  0.500000   0.866025   0.000000
 -0.866025   0.500000   0.000000
  0.000000   0.000000  -1.000000
shift:   0.0000   0.0000   0.0000
Op #:26
  0.500000   0.866025   0.000000
 -0.866025   0.500000   0.000000
  0.000000   0.000000  -1.000000
shift:   2.5176   1.4535   4.5860
Op #:27
  0.500000   0.866025   0.000000
  0.866025  -0.500000   0.000000
  0.000000   0.000000   1.000000
shift:   0.0000   0.0000   6.8790
Op #:28
  0.500000   0.866025   0.000000
  0.866025  -0.500000   0.000000
  0.000000   0.000000   1.000000
shift:  -0.0000   2.9070   2.2930
